jnoiu
10
3
33
1
0
15	10	1	17.007482
20	10	2	10.750880
25	10	3	11.688764
30	10	4	10.192117
35	10	5	11.175216
40	10	6	6.031696
25	10	1	6.967430
30	10	2	7.255647
35	10	3	8.927285
40	10	4	10.431358
45	10	5	8.013905
50	10	6	13.585644
35	10	1	11.195032
40	10	2	11.315466
45	10	3	13.813266
50	10	4	12.241606
55	10	5	11.002924
60	10	6	9.685382
45	10	1	11.177816
50	10	2	11.479265
55	10	3	10.333138
60	10	4	9.638062
65	10	5	9.996188
55	10	1	10.127297
60	10	2	10.323586
65	10	3	10.537151
70	10	4	8.116132
65	10	1	11.231121
70	10	2	11.557599
75	10	3	8.517533
75	10	1	17.034389
80	10	2	13.198216
85	10	1	13.505509
1
11
0	153
10	149
20	147
30	135
40	132
50	131
60	130
70	123
80	124
90	122
100	120
1
0
0
0
