Lintasan A
10
3
33
1
0
15	10	1	0.090273
20	10	2	0.014266
25	10	3	0.006204
30	10	4	0.002705
35	10	5	0.001695
40	10	6	0.000572
25	10	1	0.036982
30	10	2	0.009628
35	10	3	0.004738
40	10	4	0.002768
45	10	5	0.001215
50	10	6	0.001288
35	10	1	0.059422
40	10	2	0.015015
45	10	3	0.007332
50	10	4	0.003249
55	10	5	0.001669
60	10	6	0.000918
45	10	1	0.059330
50	10	2	0.015233
55	10	3	0.005485
60	10	4	0.002558
65	10	5	0.001516
55	10	1	0.053754
60	10	2	0.013699
65	10	3	0.005593
70	10	4	0.002154
65	10	1	0.059613
70	10	2	0.015337
75	10	3	0.004521
75	10	1	0.090416
80	10	2	0.017514
85	10	1	0.071685
1
11
0	153
10	149
20	147
30	135
40	132
50	131
60	130
70	123
80	124
90	122
100	120
1
0
0
0
